newpolys = [
    [[[0, 0], [20, 20], [30, 20], [30, 0]], [[0, 0], [0, 40], [20, 40], [20, 20]]],
    [[[0, 0], [0, 20], [10, 20], [30, 0]], [[10, 20], [10, 40], [30, 40], [30, 0]]],
    [[[0, 0], [20, 20], [30, 20], [30, 0]], [[0, 0], [0, 40], [20, 40], [20, 20]]],
    [[[0, 0], [0, 20], [10, 20], [30, 0]], [[10, 20], [10, 60], [30, 60], [30, 0]]],
    [[[0, 0], [4, 22], [30, 18], [30, 0]], [[4, 22], [36, 30], [30, 18]], [[4, 22], [38, 39], [40, 32], [36, 30]]],
    [[[80, 52], [80, 60], [108, 60], [108, 52]], [[74, 57], [80, 60], [80, 52], [76, 50]]],
    [[[0, 42], [26, 42], [36, 20], [0, 0]], [[0, 0], [36, 20], [40, 20], [40, 0]]],
    [[[82, 20], [126, 20], [126, 0], [82, 0]], [[86, 20], [92, 42], [114, 42], [114, 20]]],
    [[[12, 0], [0, 8], [0, 16], [12, 24], [24, 24], [32, 16], [32, 8], [24, 0]]],
    [[[0, 31], [31, 0], [17, 0], [0, 17]]]
]

newrepoly = [
    [1, 0, 2, 3, 30],
    [0, 0, 0, 1, 30],
    [3, 0, 2, 3, 35],
    [2, 0, 0, 1, 35],
    [5, 2, 1, 2, 36],
    [4, 1, 0, 3, 36],
    [7, 1, 2, 3, 42],
    [6, 0, 0, 3, 42]
]

numR = 8
Width = 100
