newpolys = [
    [[[0, 0], [20, 20], [30, 20], [30, 0]], [[0, 0], [0, 40], [20, 40], [20, 20]]],
    [[[0, 0], [0, 20], [10, 20], [30, 0]], [[10, 20], [10, 40], [30, 40], [30, 0]]],
    [[[0, 0], [20, 20], [30, 20], [30, 0]], [[0, 0], [0, 40], [20, 40], [20, 20]]],
    [[[0, 0], [0, 20], [10, 20], [30, 0]], [[10, 20], [10, 60], [30, 60], [30, 0]]],
    [[[0, 0], [0, 18], [62, 18], [62, 0]], [[8, 18], [18, 34], [44, 34], [54, 18]], [[18, 34], [19, 38], [44.5, 38], [44, 34]]],
    [[[18, 98], [18, 110], [64, 110], [64, 98]], [[34, 98], [54, 98], [50, 90], [36, 92]], [[36, 92], [50, 90], [49.5, 86], [33, 86]]],
    [[[12, 0], [20, 22], [36, 22], [34, 0]], [[14, 26], [14, 40], [40, 40], [40, 22], [20, 22]], [[4, 22], [0, 36], [14, 40], [14, 26]]],
    [[[76, 22], [76, 40], [104, 40], [80, 22]], [[80, 22], [104, 40], [102, 12], [82, 0]], [[82, 0], [102, 12], [110, 0]]],
    [[[0, 0], [0, 20], [10, 30], [45, 30], [55, 20], [55, 0]], [[15, 34], [40, 34], [40, 30], [15, 30]]],
    [[[0, 10], [0, 25], [55, 25], [55, 10], [45, 0], [10, 0]], [[15, 0], [40, 0], [40, -4], [15, -4]]],
    [[[0, 0], [10, 40], [20, 40], [20, 0]], [[20, 30], [20, 40], [40, 40], [40, 30]], [[40, 0], [40, 40], [50, 40], [50, 0]], [[0, 0], [50, 0], [50, -20]]],
    [[[0, 0], [0, 15], [42, 15], [42, 0]]],
    [[[0, 0], [0, 28], [17, 28], [17, 0]]],
    [[[0, 0], [0, 19], [19, 19], [19, 0]]],
    [[[12, 0], [0, 8], [0, 16], [12, 24], [24, 24], [32, 16], [32, 8], [24, 0]]],
    [[[0, 0], [6, 6], [18, 6], [24, 0]], [[6, 6], [6, 18], [18, 18], [18, 6]], [[0, 24], [24, 24], [18, 18], [6, 18]]],
    [[[0, 26], [26, 26], [26, 0]]],
    [[[0, 0], [33, 45], [48, 45], [15, 0]]],
    [[[0, 0], [-10, 32], [5, 32], [15, 15]], [[0, 0], [15, 15], [37, 15], [37, 0]]],
    [[[0, 0], [0, 23], [23, 0]]]
]

newrepoly = [
    [1, 0, 2, 3, 30],
    [0, 0, 0, 1, 30],
    [3, 0, 2, 3, 35],
    [2, 0, 0, 1, 35],
    [5, 2, 1, 2, 48],
    [4, 2, 2, 3, 48],
    [7, 1, 2, 3, 36],
    [6, 0, 0, 1, 36],
    [9, 1, 0, 1, 30],
    [8, 1, 2, 3, 30]
]

numR = 4
Width = 120
