newpolys = [
    [[[0, 0], [20, 20], [30, 20], [30, 0]], [[0, 0], [0, 40], [20, 40], [20, 20]]],
    [[[0, 0], [0, 20], [10, 20], [30, 0]], [[10, 20], [10, 60], [30, 60], [30, 0]]],
    [[[0, 0], [4, 22], [30, 18], [30, 0]], [[4, 22], [36, 30], [30, 18]], [[4, 22], [38, 39], [40, 32], [36, 30]]],
    [[[80, 52], [80, 60], [108, 60], [108, 52]], [[74, 57], [80, 60], [80, 52], [76, 50]]],
    [[[0, 42], [26, 42], [36, 20], [0, 0]], [[0, 0], [36, 20], [40, 20], [40, 0]]],
    [[[82, 20], [126, 20], [126, 0], [82, 0]], [[86, 20], [92, 42], [114, 42], [114, 20]]],
    [[[0, 0], [0, 24], [6, 24], [24, 18], [24, 0]], [[6, 24], [12, 30], [30, 22], [24, 18]]],
    [[[44, 84], [70, 84], [68, 72], [48, 70]], [[48, 70], [68, 72], [74, 52], [46, 64]], [[42, 60], [46, 64], [74, 52], [68, 48]]],
    [[[12, 0], [20, 22], [36, 22], [34, 0]], [[14, 26], [14, 40], [40, 40], [40, 22], [20, 22]], [[4, 22], [0, 36], [14, 40], [14, 26]]],
    [[[76, 22], [76, 40], [104, 40], [80, 22]], [[80, 22], [104, 40], [102, 12], [82, 0]], [[82, 0], [102, 12], [110, 0]]],
    [[[0, 0], [0, 20], [46, 20], [46, 0]], [[13, 24], [36, 24], [36, 20], [13, 20]]],
    [[[0, 0], [0, 20], [46, 20], [46, 0]], [[13, 0], [36, 0], [36, -4], [13, -4]]],
    [[[0, 0], [0, 20], [10, 30], [45, 30], [55, 20], [55, 0]], [[15, 34], [40, 34], [40, 30], [15, 30]]],
    [[[0, 10], [0, 25], [55, 25], [55, 10], [45, 0], [10, 0]], [[15, 0], [40, 0], [40, -4], [15, -4]]],
    [[[0, 0], [0, 24], [16, 24], [16, 12]], [[0, 0], [16, 12], [24, 12], [24, 0]]],
    [[[0, 0], [0, 15], [42, 15], [42, 0]]],
    [[[0, 0], [0, 28], [17, 28], [17, 0]]],
    [[[0, 0], [0, 28], [48, 28], [48, 0]], [[12, 28], [12, 40], [36, 40], [36, 28]]],
    [[[0, 0], [33, 45], [48, 45], [15, 0]]],
    [[[0, 0], [-10, 32], [5, 32], [15, 15]], [[0, 0], [15, 15], [37, 15], [37, 0]]]
]

newrepoly = [
    [1, 0, 2, 3, 35],
    [0, 0, 0, 1, 35],
    [3, 2, 1, 2, 36],
    [2, 1, 0, 3, 36],
    [5, 1, 2, 3, 42],
    [4, 0, 0, 3, 42],
    [7, 1, 1, 2, 38],
    [6, 2, 0, 3, 38],
    [9, 1, 2, 3, 36],
    [8, 0, 0, 1, 36],
    [11, 1, 0, 1, 30],
    [10, 1, 2, 3, 30],
    [13, 1, 0, 1, 30],
    [12, 1, 2, 3, 30]
]

numR = 4
Width = 120
