newpolys = [
    [[[0, 90], [5, 110], [30, 110], [30, 90]], [[0, 90], [20, 90], [20, 80]], [[0, 70], [0, 90], [20, 80], [25.0, 70]]],
    [[[10, 0], [0, 30], [50, 30], [50, 0]], [[0, 30], [0, 50], [35.0, 50], [40, 40], [40, 30]]],
    [[[0, 0], [0, 18], [62, 18], [62, 0]], [[8, 18], [18, 34], [44, 34], [54, 18]], [[18, 34], [19, 38], [44.5, 38], [44, 34]]],
    [[[18, 98], [18, 110], [64, 110], [64, 98]], [[34, 98], [54, 98], [50, 90], [36, 92]], [[36, 92], [50, 90], [49.5, 86], [33, 86]]],
    [[[12, 0], [20, 22], [36, 22], [34, 0]], [[14, 26], [14, 40], [40, 40], [40, 22], [20, 22]], [[4, 22], [0, 36], [14, 40], [14, 26]]],
    [[[76, 22], [76, 40], [104, 40], [80, 22]], [[80, 22], [104, 40], [102, 12], [82, 0]], [[82, 0], [102, 12], [110, 0]]],
    [[[0, 0], [0, 20], [46, 20], [46, 0]], [[13, 24], [36, 24], [36, 20], [13, 20]]],
    [[[0, 0], [0, 20], [46, 20], [46, 0]], [[13, 0], [36, 0], [36, -4], [13, -4]]],
    [[[0, 0], [0, 30], [18, 30], [18, 18]], [[0, 0], [18, 18], [30, 18], [30, 0]]],
    [[[0, 5], [5, 15], [30, 10], [40, 0]], [[30, 10], [25, 30], [35, 35], [40, 0]]],
    [[[0, 0], [0, 12], [30, 12], [30, 0]], [[5, 12], [5, 35], [25, 35], [25, 12]]],
    [[[0, 0], [0, 28], [17, 28], [17, 0]]],
    [[[0, 0], [6, 6], [18, 6], [24, 0]], [[6, 6], [6, 18], [18, 18], [18, 6]], [[0, 24], [24, 24], [18, 18], [6, 18]]],
    [[[0, 0], [10, 32], [28, 32], [18, 0]]],
    [[[0, 0], [0, 28], [48, 28], [48, 0]], [[12, 28], [12, 40], [36, 40], [36, 28]]],
    [[[0, 26], [26, 26], [26, 0]]],
    [[[0, 28], [21, 56], [42, 28], [21, 0]]],
    [[[0, 0], [33, 45], [48, 45], [15, 0]]],
    [[[0, 6], [0, 12], [9, 18], [18, 12], [18, 6], [12, 0], [6, 0]]],
    [[[0, 0], [-10, 32], [5, 32], [15, 15]], [[0, 0], [15, 15], [37, 15], [37, 0]]]
]

newrepoly = [
    [1, 2, 0, 3, 20],
    [0, 1, 1, 2, 20],
    [3, 2, 1, 2, 48],
    [2, 2, 2, 3, 48],
    [5, 1, 2, 3, 36],
    [4, 0, 0, 1, 36],
    [7, 1, 0, 1, 30],
    [6, 1, 2, 3, 30]
]

numR = 8
Width = 120