newpolys = [
    [[[0, 90], [5, 110], [30, 110], [30, 90]], [[0, 90], [20, 90], [20, 80]], [[0, 70], [0, 90], [20, 80], [25.0, 70]]],
    [[[10, 0], [0, 30], [50, 30], [50, 0]], [[0, 30], [0, 50], [35.0, 50], [40, 40], [40, 30]]],
    [[[0, 0], [20, 20], [30, 20], [30, 0]], [[0, 0], [0, 40], [20, 40], [20, 20]]],
    [[[0, 0], [0, 20], [10, 20], [30, 0]], [[10, 20], [10, 40], [30, 40], [30, 0]]],
    [[[0, 0], [0, 18], [62, 18], [62, 0]], [[8, 18], [18, 34], [44, 34], [54, 18]], [[18, 34], [19, 38], [44.5, 38], [44, 34]]],
    [[[18, 98], [18, 110], [64, 110], [64, 98]], [[34, 98], [54, 98], [50, 90], [36, 92]], [[36, 92], [50, 90], [49.5, 86], [33, 86]]],
    [[[0, 0], [4, 22], [30, 18], [30, 0]], [[4, 22], [36, 30], [30, 18]], [[4, 22], [38, 39], [40, 32], [36, 30]]],
    [[[80, 52], [80, 60], [108, 60], [108, 52]], [[74, 57], [80, 60], [80, 52], [76, 50]]],
    [[[0, 42], [26, 42], [36, 20], [0, 0]], [[0, 0], [36, 20], [40, 20], [40, 0]]],
    [[[82, 20], [126, 20], [126, 0], [82, 0]], [[86, 20], [92, 42], [114, 42], [114, 20]]],
    [[[12, 0], [20, 22], [36, 22], [34, 0]], [[14, 26], [14, 40], [40, 40], [40, 22], [20, 22]], [[4, 22], [0, 36], [14, 40], [14, 26]]],
    [[[76, 22], [76, 40], [104, 40], [80, 22]], [[80, 22], [104, 40], [102, 12], [82, 0]], [[82, 0], [102, 12], [110, 0]]],
    [[[0, 0], [0, 20], [46, 20], [46, 0]], [[13, 24], [36, 24], [36, 20], [13, 20]]],
    [[[0, 0], [0, 20], [46, 20], [46, 0]], [[13, 0], [36, 0], [36, -4], [13, -4]]],
    [[[0, 0], [0, 20], [10, 30], [45, 30], [55, 20], [55, 0]], [[15, 34], [40, 34], [40, 30], [15, 30]]],
    [[[0, 10], [0, 25], [55, 25], [55, 10], [45, 0], [10, 0]], [[15, 0], [40, 0], [40, -4], [15, -4]]],
    [[[0, 0], [0, 30], [18, 30], [18, 18]], [[0, 0], [18, 18], [30, 18], [30, 0]]],
    [[[0, 0], [0, 12], [30, 12], [30, 0]], [[5, 12], [5, 35], [25, 35], [25, 12]]],
    [[[0, 16], [12, 32], [24, 16], [12, 0]]],
    [[[0, 24], [0, 48], [48, 48], [24, 24]], [[24, 0], [24, 24], [48, 48], [48, 0]]]
]

newrepoly = [
    [1, 2, 0, 3, 20],
    [0, 1, 1, 2, 20],
    [3, 0, 2, 3, 30],
    [2, 0, 0, 1, 30],
    [5, 2, 1, 2, 48],
    [4, 2, 2, 3, 48],
    [7, 2, 1, 2, 36],
    [6, 1, 0, 3, 36],
    [9, 1, 2, 3, 42],
    [8, 0, 0, 3, 42],
    [11, 1, 2, 3, 36],
    [10, 0, 0, 1, 36],
    [13, 1, 0, 1, 30],
    [12, 1, 2, 3, 30],
    [15, 1, 0, 1, 30],
    [14, 1, 2, 3, 30]
]

numR = 8
Width = 120
