newpolys = [
    [[[0, 90], [5, 110], [30, 110], [30, 90]], [[0, 90], [20, 90], [20, 80]], [[0, 70], [0, 90], [20, 80], [25.0, 70]]],
    [[[10, 0], [0, 30], [50, 30], [50, 0]], [[0, 30], [0, 50], [35.0, 50], [40, 40], [40, 30]]],
    [[[0, 0], [20, 20], [30, 20], [30, 0]], [[0, 0], [0, 40], [20, 40], [20, 20]]],
    [[[0, 0], [0, 20], [10, 20], [30, 0]], [[10, 20], [10, 60], [30, 60], [30, 0]]],
    [[[0, 42], [26, 42], [36, 20], [0, 0]], [[0, 0], [36, 20], [40, 20], [40, 0]]],
    [[[82, 20], [126, 20], [126, 0], [82, 0]], [[86, 20], [92, 42], [114, 42], [114, 20]]],
    [[[12, 0], [20, 22], [36, 22], [34, 0]], [[14, 26], [14, 40], [40, 40], [40, 22], [20, 22]], [[4, 22], [0, 36], [14, 40], [14, 26]]],
    [[[76, 22], [76, 40], [104, 40], [80, 22]], [[80, 22], [104, 40], [102, 12], [82, 0]], [[82, 0], [102, 12], [110, 0]]],
    [[[0, 0], [0, 15], [42, 15], [42, 0]]],
    [[[0, 28], [21, 56], [42, 28], [21, 0]]]
]

newrepoly = [
    [1, 2, 0, 3, 20],
    [0, 1, 1, 2, 20],
    [3, 0, 2, 3, 35],
    [2, 0, 0, 1, 35],
    [5, 1, 2, 3, 42],
    [4, 0, 0, 3, 42],
    [7, 1, 2, 3, 36],
    [6, 0, 0, 1, 36]
]

numR = 8
Width = 100
