newpolys = [
    [[[0, 0], [20, 20], [30, 20], [30, 0]], [[0, 0], [0, 40], [20, 40], [20, 20]]],
    [[[0, 0], [0, 20], [10, 20], [30, 0]], [[10, 20], [10, 40], [30, 40], [30, 0]]],
    [[[0, 0], [0, 18], [62, 18], [62, 0]], [[8, 18], [18, 34], [44, 34], [54, 18]], [[18, 34], [19, 38], [44.5, 38], [44, 34]]],
    [[[18, 98], [18, 110], [64, 110], [64, 98]], [[34, 98], [54, 98], [50, 90], [36, 92]], [[36, 92], [50, 90], [49.5, 86], [33, 86]]],
    [[[0, 0], [4, 22], [30, 18], [30, 0]], [[4, 22], [36, 30], [30, 18]], [[4, 22], [38, 39], [40, 32], [36, 30]]],
    [[[80, 52], [80, 60], [108, 60], [108, 52]], [[74, 57], [80, 60], [80, 52], [76, 50]]],
    [[[0, 0], [0, 24], [6, 24], [24, 18], [24, 0]], [[6, 24], [12, 30], [30, 22], [24, 18]]],
    [[[44, 84], [70, 84], [68, 72], [48, 70]], [[48, 70], [68, 72], [74, 52], [46, 64]], [[42, 60], [46, 64], [74, 52], [68, 48]]],
    [[[12, 0], [20, 22], [36, 22], [34, 0]], [[14, 26], [14, 40], [40, 40], [40, 22], [20, 22]], [[4, 22], [0, 36], [14, 40], [14, 26]]],
    [[[76, 22], [76, 40], [104, 40], [80, 22]], [[80, 22], [104, 40], [102, 12], [82, 0]], [[82, 0], [102, 12], [110, 0]]],
    [[[0, 0], [0, 20], [46, 20], [46, 0]], [[13, 24], [36, 24], [36, 20], [13, 20]]],
    [[[0, 0], [0, 20], [46, 20], [46, 0]], [[13, 0], [36, 0], [36, -4], [13, -4]]],
    [[[0, 0], [10, 40], [20, 40], [20, 0]], [[20, 30], [20, 40], [40, 40], [40, 30]], [[40, 0], [40, 40], [50, 40], [50, 0]], [[0, 0], [50, 0], [50, -20]]],
    [[[0, 20], [35, 20], [35, 0]]],
    [[[0, 0], [0, 24], [12, 24], [12, 6]], [[0, 0], [12, 6], [24, 6], [24, 0]]],
    [[[0, 5], [5, 15], [30, 10], [40, 0]], [[30, 10], [25, 30], [35, 35], [40, 0]]],
    [[[0, 0], [0, 12], [30, 12], [30, 0]], [[5, 12], [5, 35], [25, 35], [25, 12]]],
    [[[0, 6], [0, 12], [6, 12], [6, 6]], [[6, 0], [6, 18], [12, 18], [12, 0]], [[12, 6], [12, 12], [18, 12], [18, 6]]],
    [[[0, 9], [0, 18], [9, 18], [9, 9]], [[9, 0], [9, 27], [18, 27], [18, 0]], [[18, 9], [18, 18], [27, 18], [27, 9]]],
    [[[0, 0], [0, 28], [17, 28], [17, 0]]],
    [[[0, 0], [0, 19], [19, 19], [19, 0]]],
    [[[0, 0], [0, 32], [8, 32], [8, 8]], [[0, 0], [8, 8], [24, 8], [32, 0]], [[24, 8], [24, 32], [32, 32], [32, 0]]],
    [[[0, 0], [10, 32], [28, 32], [18, 0]]],
    [[[0, 0], [0, 28], [48, 28], [48, 0]], [[12, 28], [12, 40], [36, 40], [36, 28]]],
    [[[0, 28], [21, 56], [42, 28], [21, 0]]],
    [[[0, 6], [0, 12], [9, 18], [18, 12], [18, 6], [12, 0], [6, 0]]],
    [[[0, 0], [-10, 32], [5, 32], [15, 15]], [[0, 0], [15, 15], [37, 15], [37, 0]]],
    [[[0, 24], [0, 48], [48, 48], [24, 24]], [[24, 0], [24, 24], [48, 48], [48, 0]]],
    [[[0, 0], [0, 23], [23, 0]]],
    [[[0, 31], [31, 0], [17, 0], [0, 17]]]
]

newrepoly = [
    [1, 0, 2, 3, 30],
    [0, 0, 0, 1, 30],
    [3, 2, 1, 2, 48],
    [2, 2, 2, 3, 48],
    [5, 2, 1, 2, 36],
    [4, 1, 0, 3, 36],
    [7, 1, 1, 2, 38],
    [6, 2, 0, 3, 38],
    [9, 1, 2, 3, 36],
    [8, 0, 0, 1, 36],
    [11, 1, 0, 1, 30],
    [10, 1, 2, 3, 30]
]

numR = 8
Width = 140
