newpolys = [
    [[[0, 90], [5, 110], [30, 110], [30, 90]], [[0, 90], [20, 90], [20, 80]], [[0, 70], [0, 90], [20, 80], [25.0, 70]]],
    [[[10, 0], [0, 30], [50, 30], [50, 0]], [[0, 30], [0, 50], [35.0, 50], [40, 40], [40, 30]]],
    [[[0, 0], [4, 22], [30, 18], [30, 0]], [[4, 22], [36, 30], [30, 18]], [[4, 22], [38, 39], [40, 32], [36, 30]]],
    [[[80, 52], [80, 60], [108, 60], [108, 52]], [[74, 57], [80, 60], [80, 52], [76, 50]]],
    [[[0, 0], [0, 24], [6, 24], [24, 18], [24, 0]], [[6, 24], [12, 30], [30, 22], [24, 18]]],
    [[[44, 84], [70, 84], [68, 72], [48, 70]], [[48, 70], [68, 72], [74, 52], [46, 64]], [[42, 60], [46, 64], [74, 52], [68, 48]]],
    [[[0, 0], [0, 20], [46, 20], [46, 0]], [[13, 24], [36, 24], [36, 20], [13, 20]]],
    [[[0, 0], [0, 20], [46, 20], [46, 0]], [[13, 0], [36, 0], [36, -4], [13, -4]]],
    [[[0, 0], [0, 12], [30, 12], [30, 0]], [[5, 12], [5, 35], [25, 35], [25, 12]]],
    [[[0, 0], [0, 19], [19, 19], [19, 0]]]
]

newrepoly = [
    [1, 2, 0, 3, 20],
    [0, 1, 1, 2, 20],
    [3, 2, 1, 2, 36],
    [2, 1, 0, 3, 36],
    [5, 1, 1, 2, 38],
    [4, 2, 0, 3, 38],
    [7, 1, 0, 1, 30],
    [6, 1, 2, 3, 30]
]

numR = 4
Width = 100
