newpolys = [
    [[[0, 90], [5, 110], [30, 110], [30, 90]], [[0, 90], [20, 90], [20, 80]], [[0, 70], [0, 90], [20, 80], [25.0, 70]]],
    [[[10, 0], [0, 30], [50, 30], [50, 0]], [[0, 30], [0, 50], [35.0, 50], [40, 40], [40, 30]]],
    [[[0, 0], [20, 20], [30, 20], [30, 0]], [[0, 0], [0, 40], [20, 40], [20, 20]]],
    [[[0, 0], [0, 20], [10, 20], [30, 0]], [[10, 20], [10, 40], [30, 40], [30, 0]]],
    [[[0, 0], [20, 20], [30, 20], [30, 0]], [[0, 0], [0, 40], [20, 40], [20, 20]]],
    [[[0, 0], [0, 20], [10, 20], [30, 0]], [[10, 20], [10, 60], [30, 60], [30, 0]]],
    [[[0, 0], [0, 18], [62, 18], [62, 0]], [[8, 18], [18, 34], [44, 34], [54, 18]], [[18, 34], [19, 38], [44.5, 38], [44, 34]]],
    [[[18, 98], [18, 110], [64, 110], [64, 98]], [[34, 98], [54, 98], [50, 90], [36, 92]], [[36, 92], [50, 90], [49.5, 86], [33, 86]]],
    [[[0, 0], [4, 22], [30, 18], [30, 0]], [[4, 22], [36, 30], [30, 18]], [[4, 22], [38, 39], [40, 32], [36, 30]]],
    [[[80, 52], [80, 60], [108, 60], [108, 52]], [[74, 57], [80, 60], [80, 52], [76, 50]]],
    [[[0, 42], [26, 42], [36, 20], [0, 0]], [[0, 0], [36, 20], [40, 20], [40, 0]]],
    [[[82, 20], [126, 20], [126, 0], [82, 0]], [[86, 20], [92, 42], [114, 42], [114, 20]]],
    [[[0, 0], [0, 24], [6, 24], [24, 18], [24, 0]], [[6, 24], [12, 30], [30, 22], [24, 18]]],
    [[[44, 84], [70, 84], [68, 72], [48, 70]], [[48, 70], [68, 72], [74, 52], [46, 64]], [[42, 60], [46, 64], [74, 52], [68, 48]]],
    [[[12, 0], [20, 22], [36, 22], [34, 0]], [[14, 26], [14, 40], [40, 40], [40, 22], [20, 22]], [[4, 22], [0, 36], [14, 40], [14, 26]]],
    [[[76, 22], [76, 40], [104, 40], [80, 22]], [[80, 22], [104, 40], [102, 12], [82, 0]], [[82, 0], [102, 12], [110, 0]]],
    [[[0, 0], [0, 20], [46, 20], [46, 0]], [[13, 24], [36, 24], [36, 20], [13, 20]]],
    [[[0, 0], [0, 20], [46, 20], [46, 0]], [[13, 0], [36, 0], [36, -4], [13, -4]]],
    [[[0, 0], [0, 20], [10, 30], [45, 30], [55, 20], [55, 0]], [[15, 34], [40, 34], [40, 30], [15, 30]]],
    [[[0, 10], [0, 25], [55, 25], [55, 10], [45, 0], [10, 0]], [[15, 0], [40, 0], [40, -4], [15, -4]]],
    [[[0, 0], [10, 40], [20, 40], [20, 0]], [[20, 30], [20, 40], [40, 40], [40, 30]], [[40, 0], [40, 40], [50, 40], [50, 0]], [[0, 0], [50, 0], [50, -20]]],
    [[[0, 18], [36, 18], [36, 0]]],
    [[[0, 0], [0, 30], [18, 30], [18, 18]], [[0, 0], [18, 18], [30, 18], [30, 0]]],
    [[[0, 0], [0, 24], [16, 24], [16, 12]], [[0, 0], [16, 12], [24, 12], [24, 0]]],
    [[[0, 0], [0, 12], [30, 12], [30, 0]], [[5, 12], [5, 35], [25, 35], [25, 12]]],
    [[[0, 6], [0, 12], [6, 12], [6, 6]], [[6, 0], [6, 18], [12, 18], [12, 0]], [[12, 6], [12, 12], [18, 12], [18, 6]]],
    [[[0, 9], [0, 18], [9, 18], [9, 9]], [[9, 0], [9, 27], [18, 27], [18, 0]], [[18, 9], [18, 18], [27, 18], [27, 9]]],
    [[[0, 0], [0, 15], [42, 15], [42, 0]]],
    [[[0, 0], [0, 19], [19, 19], [19, 0]]],
    [[[12, 0], [0, 8], [0, 16], [12, 24], [24, 24], [32, 16], [32, 8], [24, 0]]],
    [[[0, 20], [30, 40], [60, 20], [30, 0]]],
    [[[30, 30], [0, 40], [0, 60], [60, 60]], [[30, 30], [60, 60], [60, 0], [40, 0]]],
    [[[0, 0], [0, 32], [8, 32], [8, 8]], [[0, 0], [8, 8], [24, 8], [32, 0]], [[24, 8], [24, 32], [32, 32], [32, 0]]],
    [[[0, 0], [10, 32], [28, 32], [18, 0]]],
    [[[0, 0], [0, 28], [48, 28], [48, 0]], [[12, 28], [12, 40], [36, 40], [36, 28]]],
    [[[0, 26], [26, 26], [26, 0]]],
    [[[0, 0], [33, 45], [48, 45], [15, 0]]],
    [[[0, 6], [0, 12], [9, 18], [18, 12], [18, 6], [12, 0], [6, 0]]],
    [[[0, 8], [0, 24], [16, 32], [32, 24], [32, 8], [24, 0], [8, 0]]],
    [[[0, 31], [31, 0], [17, 0], [0, 17]]]
]

newrepoly = [
    [1, 2, 0, 3, 20],
    [0, 1, 1, 2, 20],
    [3, 0, 2, 3, 30],
    [2, 0, 0, 1, 30],
    [5, 0, 2, 3, 35],
    [4, 0, 0, 1, 35],
    [7, 2, 1, 2, 48],
    [6, 2, 2, 3, 48],
    [9, 2, 1, 2, 36],
    [8, 1, 0, 3, 36],
    [11, 1, 2, 3, 42],
    [10, 0, 0, 3, 42],
    [13, 1, 1, 2, 38],
    [12, 2, 0, 3, 38],
    [15, 1, 2, 3, 36],
    [14, 0, 0, 1, 36],
    [17, 1, 0, 1, 30],
    [16, 1, 2, 3, 30],
    [19, 1, 0, 1, 30],
    [18, 1, 2, 3, 30]
]

numR = 8
Width = 160
