newpolys = [
    [[[0, 0], [20, 20], [30, 20], [30, 0]], [[0, 0], [0, 40], [20, 40], [20, 20]]],
    [[[0, 0], [0, 20], [10, 20], [30, 0]], [[10, 20], [10, 40], [30, 40], [30, 0]]],
    [[[0, 0], [4, 22], [30, 18], [30, 0]], [[4, 22], [36, 30], [30, 18]], [[4, 22], [38, 39], [40, 32], [36, 30]]],
    [[[80, 52], [80, 60], [108, 60], [108, 52]], [[74, 57], [80, 60], [80, 52], [76, 50]]],
    [[[0, 0], [0, 24], [6, 24], [24, 18], [24, 0]], [[6, 24], [12, 30], [30, 22], [24, 18]]],
    [[[44, 84], [70, 84], [68, 72], [48, 70]], [[48, 70], [68, 72], [74, 52], [46, 64]], [[42, 60], [46, 64], [74, 52], [68, 48]]],
    [[[12, 0], [20, 22], [36, 22], [34, 0]], [[14, 26], [14, 40], [40, 40], [40, 22], [20, 22]], [[4, 22], [0, 36], [14, 40], [14, 26]]],
    [[[76, 22], [76, 40], [104, 40], [80, 22]], [[80, 22], [104, 40], [102, 12], [82, 0]], [[82, 0], [102, 12], [110, 0]]],
    [[[0, 20], [30, 40], [60, 20], [30, 0]]],
    [[[0, 0], [0, 28], [48, 28], [48, 0]], [[12, 28], [12, 40], [36, 40], [36, 28]]]
]

newrepoly = [
    [1, 0, 2, 3, 30],
    [0, 0, 0, 1, 30],
    [3, 2, 1, 2, 36],
    [2, 1, 0, 3, 36],
    [5, 1, 1, 2, 38],
    [4, 2, 0, 3, 38],
    [7, 1, 2, 3, 36],
    [6, 0, 0, 1, 36]
]

numR = 4
Width = 100
