newpolys = [
    [[[0, 0], [0, 18], [62, 18], [62, 0]], [[8, 18], [18, 34], [44, 34], [54, 18]], [[18, 34], [19, 38], [44.5, 38], [44, 34]]],
    [[[18, 98], [18, 110], [64, 110], [64, 98]], [[34, 98], [54, 98], [50, 90], [36, 92]], [[36, 92], [50, 90], [49.5, 86], [33, 86]]],
    [[[0, 0], [0, 24], [6, 24], [24, 18], [24, 0]], [[6, 24], [12, 30], [30, 22], [24, 18]]],
    [[[44, 84], [70, 84], [68, 72], [48, 70]], [[48, 70], [68, 72], [74, 52], [46, 64]], [[42, 60], [46, 64], [74, 52], [68, 48]]],
    [[[12, 0], [20, 22], [36, 22], [34, 0]], [[14, 26], [14, 40], [40, 40], [40, 22], [20, 22]], [[4, 22], [0, 36], [14, 40], [14, 26]]],
    [[[76, 22], [76, 40], [104, 40], [80, 22]], [[80, 22], [104, 40], [102, 12], [82, 0]], [[82, 0], [102, 12], [110, 0]]],
    [[[0, 0], [0, 30], [18, 30], [18, 18]], [[0, 0], [18, 18], [30, 18], [30, 0]]],
    [[[30, 30], [0, 40], [0, 60], [60, 60]], [[30, 30], [60, 60], [60, 0], [40, 0]]],
    [[[0, 0], [0, 28], [48, 28], [48, 0]], [[12, 28], [12, 40], [36, 40], [36, 28]]],
    [[[0, 8], [0, 24], [16, 32], [32, 24], [32, 8], [24, 0], [8, 0]]]
]

newrepoly = [
    [1, 2, 1, 2, 48],
    [0, 2, 2, 3, 48],
    [3, 1, 1, 2, 38],
    [2, 2, 0, 3, 38],
    [5, 1, 2, 3, 36],
    [4, 0, 0, 1, 36]
]

numR = 8
Width = 100
