newpolys = [
    [[[0, 0], [20, 20], [30, 20], [30, 0]], [[0, 0], [0, 40], [20, 40], [20, 20]]],
    [[[0, 0], [0, 20], [10, 20], [30, 0]], [[10, 20], [10, 60], [30, 60], [30, 0]]],
    [[[12, 0], [20, 22], [36, 22], [34, 0]], [[14, 26], [14, 40], [40, 40], [40, 22], [20, 22]], [[4, 22], [0, 36], [14, 40], [14, 26]]],
    [[[76, 22], [76, 40], [104, 40], [80, 22]], [[80, 22], [104, 40], [102, 12], [82, 0]], [[82, 0], [102, 12], [110, 0]]],
    [[[0, 0], [0, 20], [46, 20], [46, 0]], [[13, 24], [36, 24], [36, 20], [13, 20]]],
    [[[0, 0], [0, 20], [46, 20], [46, 0]], [[13, 0], [36, 0], [36, -4], [13, -4]]],
    [[[0, 0], [0, 20], [10, 30], [45, 30], [55, 20], [55, 0]], [[15, 34], [40, 34], [40, 30], [15, 30]]],
    [[[0, 10], [0, 25], [55, 25], [55, 10], [45, 0], [10, 0]], [[15, 0], [40, 0], [40, -4], [15, -4]]],
    [[[0, 20], [30, 40], [60, 20], [30, 0]]],
    [[[0, 0], [0, 32], [8, 32], [8, 8]], [[0, 0], [8, 8], [24, 8], [32, 0]], [[24, 8], [24, 32], [32, 32], [32, 0]]]
]

newrepoly = [
    [1, 0, 2, 3, 35],
    [0, 0, 0, 1, 35],
    [3, 1, 2, 3, 36],
    [2, 0, 0, 1, 36],
    [5, 1, 0, 1, 30],
    [4, 1, 2, 3, 30],
    [7, 1, 0, 1, 30],
    [6, 1, 2, 3, 30]
]

numR = 8
Width = 100
