newpolys = [
    [[[0, 90], [5, 110], [30, 110], [30, 90]], [[0, 90], [20, 90], [20, 80]], [[0, 70], [0, 90], [20, 80], [25.0, 70]]],
    [[[10, 0], [0, 30], [50, 30], [50, 0]], [[0, 30], [0, 50], [35.0, 50], [40, 40], [40, 30]]],
    [[[0, 0], [0, 24], [6, 24], [24, 18], [24, 0]], [[6, 24], [12, 30], [30, 22], [24, 18]]],
    [[[44, 84], [70, 84], [68, 72], [48, 70]], [[48, 70], [68, 72], [74, 52], [46, 64]], [[42, 60], [46, 64], [74, 52], [68, 48]]],
    [[[12, 0], [20, 22], [36, 22], [34, 0]], [[14, 26], [14, 40], [40, 40], [40, 22], [20, 22]], [[4, 22], [0, 36], [14, 40], [14, 26]]],
    [[[76, 22], [76, 40], [104, 40], [80, 22]], [[80, 22], [104, 40], [102, 12], [82, 0]], [[82, 0], [102, 12], [110, 0]]],
    [[[0, 0], [0, 24], [12, 24], [12, 6]], [[0, 0], [12, 6], [24, 6], [24, 0]]],
    [[[0, 6], [0, 12], [6, 12], [6, 6]], [[6, 0], [6, 18], [12, 18], [12, 0]], [[12, 6], [12, 12], [18, 12], [18, 6]]],
    [[[0, 0], [0, 28], [17, 28], [17, 0]]],
    [[[0, 24], [0, 48], [48, 48], [24, 24]], [[24, 0], [24, 24], [48, 48], [48, 0]]]
]

newrepoly = [
    [1, 2, 0, 3, 20],
    [0, 1, 1, 2, 20],
    [3, 1, 1, 2, 38],
    [2, 2, 0, 3, 38],
    [5, 1, 2, 3, 36],
    [4, 0, 0, 1, 36]
]

numR = 8
Width = 100
